Posizione della camera 1 nel mondo 3D (X, Y, Z in metri):
[-6.10373219 22.94926896 -6.59243558]
Matrice di rotazione per camera 1:
[[ 0.93430776  0.32839987 -0.13864537]
 [ 0.03316027  0.30718582  0.95107164]
 [ 0.3549217  -0.89319113  0.27611626]]
Vettore di traslazione per camera 1:
[-2.74778343 -0.57741001 24.48470918]

Posizione della camera 2 nel mondo 3D (X, Y, Z in metri):
[ 9.10934948 22.64864775 -6.59783217]
Matrice di rotazione per camera 2:
[[ 0.99914152  0.03124134 -0.02720672]
 [ 0.0149438   0.34072129  0.94004558]
 [ 0.03863819 -0.93964514  0.33996192]]
Vettore di traslazione per camera 2:
[-9.98860863 -1.65074183 23.17273465]

Posizione della camera 3 nel mondo 3D (X, Y, Z in metri):
[-13.44556841  15.04785992  -6.65774734]
Matrice di rotazione per camera 3:
[[ 0.79105598  0.59628869 -0.13663906]
 [-0.05131075  0.28724736  0.95648113]
 [ 0.60958809 -0.74961907  0.25782476]]
Vettore di traslazione per camera 3:
[ 0.75362038  1.35564953 21.19295327]

Posizione della camera 4 nel mondo 3D (X, Y, Z in metri):
[24.32212139 23.36125444 -6.84721448]
Matrice di rotazione per camera 4:
[[ 0.96524876 -0.25915543  0.03366445]
 [ 0.05903575  0.34172375  0.93794438]
 [-0.25457732 -0.90336224  0.34514786]]
Vettore di traslazione per camera 4:
[-17.19219384  -2.99666377  29.65883716]

Posizione della camera 6 nel mondo 3D (X, Y, Z in metri):
[  8.93501069 -12.17137048 -10.53178066]
Matrice di rotazione per camera 6:
[[-0.9999307   0.00243851 -0.01151712]
 [-0.01129933 -0.47335661  0.88079841]
 [-0.00330387  0.88086751  0.47335137]]
Vettore di traslazione per camera 6:
[ 8.84277579  3.61593659 15.73611764]

Posizione della camera 7 nel mondo 3D (X, Y, Z in metri):
[33.96154117  4.45274199 -6.48366682]
Matrice di rotazione per camera 7:
[[ 0.03952892 -0.99900224 -0.02078437]
 [ 0.24757474 -0.01036015  0.96881341]
 [-0.96806209 -0.04344183  0.24691819]]
Vettore di traslazione per camera 7:
[ 2.97107738 -2.08042515 34.67125114]

Posizione della camera 8 nel mondo 3D (X, Y, Z in metri):
[31.50594054 -5.86171666 -6.44968621]
Matrice di rotazione per camera 8:
[[-0.69778582 -0.71621367 -0.01152965]
 [ 0.20653502 -0.21658121  0.95416763]
 [-0.685885    0.66342336  0.2990505 ]]
Vettore di traslazione per camera 8:
[17.71179435 -1.62253596 27.42703378]

Posizione della camera 12 nel mondo 3D (X, Y, Z in metri):
[31.37976838 14.53284595 -7.07108127]
Matrice di rotazione per camera 12:
[[ 0.58762905 -0.78792583 -0.1840244 ]
 [ 0.41576646  0.09892368  0.90407541]
 [-0.69414    -0.60777215  0.38572357]]
Vettore di traslazione per camera 12:
[-8.29011033 -8.09150723 33.34209421]

Posizione della camera 13 nel mondo 3D (X, Y, Z in metri):
[-13.76440541   4.42533979  -7.12631626]
Matrice di rotazione per camera 13:
[[-0.04124697  0.99846901 -0.0368553 ]
 [-0.39465883  0.01760593  0.91865905]
 [ 0.91790146  0.05243718  0.39332842]]
Vettore di traslazione per camera 13:
[-5.24894727  1.03649858 15.20529826]

